854007989696
854007989706
854008048005
854000971249
854007966881
854007975693
854007964547
854007989716
854007964557
854000971259
854018669402
854007992384
854000961770
854007964567
854007992838
854007992848
854000971269
854000961780
854018669412
854007966891
854000961790
854018669422
854018669432
854007975703
854000961800
854007989726
854007989736
854000971279
854007975713
854018669442
854008048015
854008048025
854007992858
854007966901
854007989746
854007966911
854007992868
854007992394
854000961810
854000961820
854007966921
854000971289
854007975723
854007992404
854007975733
854007992414
854007975743
854007975753
854007966931
854007992878
